9780008264321
9780008264338
9780030672255
9780044004493
9780058033281
9780060263195
9780060564926
9780060564971
9780060573775
9780060586232
9780060735555
9780060764234
9780060799168
9780060813581
9780060845926
9780060845933
9780060898717
9780060898731
9780061135187
9780061135194
9780061135200
9780061135217
9780061153518
9780061336249
9780061336256
9780062314345
9780062314352
9780062314369
9780091424008
9780099267546
9780099268796
9780099275367
9780099277194
9780099282969
9780099287698
9780099387817
9780099458432
9780099496724
9780099524083
9780099526094
9780099529064
9780099548850
9780099582694
9780099582724
9780099582731
9780099582939
9780099582946
9780099583479
9780099583622
9780099750413
9780099800200
9780006482789
9780007154340
9780007523429
9780007523436
9780007523443
9780007523450
9780007523467
9780007523474
9780007523481
9780007523498
9780007523504
9780007581955
9780007597710
9780007597727
9780008114343
9780008115586
9780008116361
9780008116378
9780008116392
9780008143626
9780060010607
9780060010614
9780060010621
9780060010829
9780060010836
9780060010843
9780060010850
9780060010867
9780060010874
9780060093648
9780060097226
9780060097233
9780060509903
9780060515188
9780060515195
9780060515225
9780060515232
9780060521882
9780060528829
9780060528836
9780060528843
9780060528850
9780060530877
9780060530921
9780060530938
9780060530945
9780060557812
9780060558123
9780060568955
9780060571528
9780007305087
9780007385034
9780060012335
9780060012342
9780060012359
9780060012366
9780060012373
9780060012380
9780060013110
9780060013127
9780060013134
9780060013158
9780060013165
9780060094935
9780060094942
9780060094959
9780060094966
9780060177508
9780060177515
9780060196455
9780060199562
9780060502935
9780060507770
9780060541859
9780060541866
9780060541873
9780060541880
9780060541897
9780060541903
9780060541910
9780060541927
9780060541934
9780060548551
9780060566258
9780060569969
9780060578152
9780060586607
9780060586614
9780060586621
9780060597726
9780060740887
9780060740993
9780060743734
9780060758271
9780060785987
9780060798826
9780060815226
9780060815318
9780060823450
9780002246217
9780002550048
9780003701692
9780006476474
9780006480167
9780006482024
9780007115877
9780007119639
9780007270415
9780007270439
9780007270446
9780007270460
9780007270491
9780007270521
9780007270538
9780007270545
9780007361595
9780007376032
9780007491513
9780007532278
9780007719518
9780007777709
9780007933563
9780007933570
9780008117481
9780008117498
9780008117504
9780008117511
9780008117535
9780008277765
9780008277772
9780008277789
9780008277796
9780008277802
9780008277819
9780008279554
9780008305918
9780008305925
9780008305932
9780008305949
9780008372347
9780008372354
9780020913504
9780060156121
9780060201678
9780060201685
9780060556525
9780060744700
9780006545729
9780006547891
9780007305087
9780007385034
9780020478003
9780057502320
9780060085346
9780060085353
9780060085360
9780060125592
9780060125615
9780060125622
9780060125639
9780060125684
9780060125691
9780060125738
9780060125745
9780060149888
9780060150860
9780060154561
9780060155452
9780060155629
9780060155643
9780060167400
9780060168353
9780060172602
9780060503970
9780060503987
9780060503994
9780060504007
9780060504014
9780060509064
9780060512743
9780060512750
9780060551018
9780060553562
9780060760298
9780060763435
9780060763510
9780060771393
9780060771577
9780060914332
9780060914349
9780060914479
9780060923297
9780060924126
9780060928032
9780060950576
9780060960230
9780060962272
9780283984259
9780283984655
9780283984976
9780283985102
9780283985928
9780283990274
9780312143213
9780318613833
9780329515171
9780380409723
9780380418060
9780385121972
9780385126007
9780385133852
9780385150590
9780385151603
9780441110896
9780445205161
9780445205376
9780445207790
9780445209022
9780445209039
9780445209770
9780446178891
9780446361880
9780446362818
9780446507943
9780446510837
9780446513630
9780446514224
9780446514729
9780446545358
9780446545365
9780446545372
9780446601979
9780446603638
9780446603706
9780446603775
9780446603782
9780446606721
9780446610384
9780446675505
9780446675789
9780446676106
9780446676977
9780446696166
9780446698900
9780446790024
9780446790031
9780451086730
9780002179089
9780007113606
9780007154746
9780007159703
9780007159710
9780007218448
9780007219643
9780007293841
9780007293858
9780007623419
9780009760679
9780060101633
9780060101640
9780060101664
9780060101671
9780063032491
9780063032507
9780063032514
9780063032583
9780063032590
9780099496953
9780099511663
9780099563143
9780099594024
9780099740810
9780099740919
9780099741015
9780099741114
9780099741213
9780099744719
9780099744917
9780099745013
9780099745112
9780099746614
9780099764816
9780103863610
9780144000920
9780195401691
9780195401752
9780195402230
9780195402926
9780195404517
9780195405613
9780195408089
9780195413519
9780198119760
9780221042768
9780221042775
9780221067969
9780221068140
9780007305087
9780007385034
9780060877361
9780060877378
9780060877385
9780060877392
9780060877408
9780060877491
9780060877507
9780060877514
9780060877521
9780060877538
9780060877712
9780060877729
9780060877743
9780060877750
9780060877767
9780060879648
9780060879655
9780060879662
9780060879679
9780060879693
9780060879969
9780060879976
9780060879983
9780060879990
9780060880002
9780061050039
9780061050954
9780061052965
9780061052972
9780061053757
9780061055317
9780061055416
9780061057908
9780061059841
9780061121166
9780061121173
9780061160677
9780061160707
9780061160714
9780061160721
9780061160745
9780061798344
9780061807169
9780061808562
9780061809316
9780061809644
9780099301424
9780006483700
9780006483915
9780060010690
9780060010706
9780060010713
9780060097509
9780060729585
9780060729592
9780060729608
9780060762742
9780060762759
9780060762766
9780060762773
9780060762780
9780060762797
9780060762803
9780060762810
9780060762827
9780060762834
9780060762841
9780060762902
9780060762919
9780060762926
9780060762933
9780060762940
9780060762988
9780060771140
9780060820022
9780060873646
9780060873653
9780060873660
9780060873677
9780060873684
9780061020087
9780061020445
9780061050541
9780061050558
9780061051951
9780061052606
9780061052613
9780061056895
9780061057090
9780061057106
9780061092954
9780061155550
9780061156656
9780061156663
9780061156670
9780061156687
9780061188640
9780141996516
9780142414385
9780241469231
9780241481776
9780241509753
9780312076634
9780312854072
9780312858742
9780312869380
9780312890216
9780312930974
9780312931056
9780312937447
9780330248952
9780330259170
9780345243805
9780345254177
9780345280220
9780345284853
9780385196536
9780399120831
9780413334206
9780425038802
9780441801817
9780441854714
9780575024922
9780575124028
9780670060597
9780722185339
9780739455128
9780747400899
9780747404712
9780759205253
9780759205260
9780759205284
9780759210592
9780759262539
9780759274044
9780812503388
9780812556254
9780812556278
9780812556285
9780839823223
9780870541520
9780870541605
9780966896824
9780996135962
9781101391938
9781306589475
9781436229883
9780007118267
9780307571946
9780307573421
9780307573612
9780307573667
9780307573728
9780307573889
9780307574084
9780307574152
9780307784445
9780307784452
9780312941628
9780312942885
9780345519641
9780345519832
9780345522696
9780345540645
9780345540652
9780345540669
9780345540676
9780345540683
9780345540690
9780399182341
9780399182358
9780441004058
9780441005437
9780441483112
9780441483129
9780441873791
9780441873807
9780446677424
9780450579868
9780450579875
9780450617485
9780533575381
9780553051971
9780553081312
9780553099959
9780553111118
9780553111248
9780553260458
9780553270259
9780553351675
9780553374377
9780553375626
9780553562736
9780553562941
9780553562965
9780553564365
9780553574418
9780007133604
9780007133611
9780007138494
9780060010720
9780060010737
9780060010744
9780060097073
9780060573348
9780060573355
9780060573362
9780060573379
9780060574628
9780060574741
9780060767839
9780060771461
9780060796303
9780060796310
9780060796327
9780060796334
9780060846886
9780061134241
9780061137587
9780061139055
9780061139062
9780061139079
9780061139505
9780061158858
9780061185922
9780061188572
9780061208621
9780061208638
9780061208645
9780061208652
9780061208669
9780061208676
9780061375330
9780061375354
9780061448492
9780061448508
9780061448515
9780061448522
9780061448539
9780061448546
9780061645396
9780061645402
9780061645419
9780061645426
9780061645433
9780061667428
9780061748905
9780060845865
9780060845872
9780061340734
9780140026894
9780143111580
9780194242394
9780283981739
9780329055370
9780329160739
9780329591571
9780340751794
9780340751800
9780340765906
9780340771150
9780340822548
9780340832707
9780340837450
9780340837467
9780340839935
9780340960196
9780340960202
9780345238351
9780345253040
9780345255976
9780345275400
9780345280114
9780345281043
9780345298294
9780345298591
9780345302908
9780345343208
9780345344588
9780380023301
9780399102264
9780399108617
9780399109201
9780399110061
9780399116971
9780399119446
9780399120220
9780399122682
9780399125935
9780399127212
9780399128158
9780399128967
9780399128981
9780399129476
9780399130274
9780399130755
9780399131325
9780030615535
9780078380112
9780140057492
9780140311198
9780140470710
9780143111627
9780194242349
9780234770191
9780234778944
9780283979828
9780307497536
9780312851682
9780312855239
9780312861766
9780312863555
9780317633849
9780318328539
9780329035525
9780329051006
9780329826703
9780330020282
9780330020299
9780330022354
9780330023528
9780330025164
9780330107129
9780330107136
9780340837931
9780340837948
9780340837955
9780340938348
9780345013880
9780345013897
9780345243546
9780345243751
9780345260659
9780345260666
9780345260673
9780345260680
9780345260697
9780345260703
9780345260710
9780345260727
9780345260734
9780345260741
9780345262691
9780345262707
9780345262714
9780345275806
9780345275813
9780030564727
9780061862977
9780061862984
9780062239228
9780142301715
9780143131847
9780191610721
9780191611261
9780191812958
9780191921759
9780192725042
9780192831521
9780192832894
9780192838650
9780194237536
9780195062588
9780195062595
9780195108811
9780195108828
9780198126744
9780199552351
9780241251874
9780241251881
9780243324286
9780243653072
9780243739509
9780260635075
9780262340250
9780262340267
9780262340274
9780262533287
9780266891123
9780267367412
9780307136213
9780312227623
9780312463182
9780321096982
9780321399533
9780341932109
9780341974895
9780342088614
9780342651535
9780342651542
9780342745722
9780342745739
9780342845620
9780343375164
9780343468095
9780343604608
9780343604615
9780316043915
9780316043922
9780316043939
9780316043946
9780316043953
9780316043960
9780316075978
9780316075985
9780316076005
9780316162609
9780316162616
9780316162623
9780316187299
9780316202770
9780316202787
9780316202886
9780316202893
9780316229241
9780316229258
9780316229265
9780316229289
9780316229296
9780316229302
9780316259033
9780316259040
9780316259057
9780316324977
9780316333955
9780316333962
9780316333979
9780316333986
9780316333993
9780316334006
9780316388511
9780316388597
9780316388603
9780316402699
9780316491341
9780316491358
9780316491365
9780316491372
9780316509848
9780316509855
9780316509862
9780316509886
9780316527194
9780356500768
9780356500775
9780356504889
9780356504896
9780356504902
9780007219094
9780007219100
9780007219117
9780007219124
9780007219131
9780007219148
9780007219155
9780007219179
9780007256730
9780007256747
9780007256754
9780007256761
9780007256778
9780007256785
9780007258710
9780007258727
9780007258734
9780007259151
9780007318551
9780007318568
9780007318575
9780007318582
9780007318612
9780007352425
9780007451425
9780007569083
9780007569090
9780007569106
9780007569113
9780007578917
9780007578924
9780007578931
9780007578948
9780007578955
9780007578962
9780008118358
9780008121150
9780008121167
9780008338879
9780008338886
9780008338893
9780008338909
9780008338916
9780008338923
9780008338930
9780008338947
9780008338954
9780221068294
9780221076664
9780329832254
9780329863517
9780221049156
9780316081054
9780316081061
9780316081078
9780316122467
9780316134262
9780316173230
9780316174961
9780316194969
9780316194976
9780316202183
9780316202206
9780316204484
9780316204491
9780316218924
9780316218931
9780316218955
9780316218962
9780316218986
9780316218993
9780316219006
9780316219013
9780316258869
9780316258883
9780316259019
9780316259026
9780316309530
9780316309561
9780316309585
9780316379311
9780316379328
9780316379335
9780316379342
9780316379373
9780316379380
9780316379397
9780316379403
9780316380973
9780316380980
9780316380997
9780316381000
9780316381017
9780316381031
9780316381048
9780316381055
9780316402118
9780316402316
9780316402361
9780316402453
9780316451451
9780316451468
9780002246064
9780002246071
9780002246088
9780002246293
9780002246484
9780002246521
9780002247139
9780002247269
9780002247276
9780002247283
9780002254786
9780002254793
9780002254809
9780002256735
9780002261678
9780006480099
9780006480105
9780006480112
9780006486015
9780006486022
9780006486039
9780006498858
9780006498865
9780006498872
9780007110568
9780007110575
9780007110582
9780007112524
9780007112531
9780007112548
9780007112555
9780007112562
9780007114221
9780007114344
9780007127733
9780007154340
9780007160389
9780007196128
9780007196135
9780007196159
9780007196166
9780007196173
9780007196180
9780007196197
9780007196203
9780007214686
9780007236886
9780007273751
9780007273775
9780007273782
9780007273799
9780099554790
9780099570295
9780099581543
9780099593850
9780221098383
9780307744432
9780307938909
9780307938916
9780307938923
9780307938930
9780307947857
9780307947871
9780329926496
9780345802620
9780345803542
9780385534635
9780385534642
9780385535502
9780385541213
9780385541220
9780385545365
9780385671712
9780385671729
9780385671736
9780385686228
9780385686235
9780385686242
9780451486356
9780593106488
9780606264167
9780606264204
9780655641254
9780655641261
9780655642510
9780655650133
9780735207875
9780735207882
9780735207899
9781101971383
9781299086234
9781299089587
9781445859620
9781445859637
9781446468265
9781446482827
9781446482834
9781446482841
9781446482858
9781448115402
9781451752274